100 1000
3097 9733
4950 275
2506 1855
3995 6281
6802 7863
9181 5848
5707 6125
4493 2397
218 7209
5206 2527
2597 7107
9572 8034
2438 3445
8528 5749
4509 1633
5903 1120
4911 7401
9006 9354
9610 6301
5159 3943
6608 4014
983 6970
7933 3377
4504 9327
2598 3013
9854 5588
9425 5619
3829 8108
5363 5695
2848 5596
6671 6205
2703 52
9240 2787
5142 2211
4463 2330
2704 5165
9929 7205
7253 9617
8609 6978
9616 1464
385 6742
8784 2932
4449 8303
4697 5851
114 2124
1158 6795
9479 7280
1309 9994
7041 9403
6124 1365
717 955
3397 3039
5203 5855
6835 6922
3659 1121
998 7977
5482 3239
5046 6053
572 9390
1477 2709
5169 9837
6205 3776
4447 3508
3808 9664
4414 4073
142 330
7805 7488
5744 1639
7449 7145
3256 2731
5279 5058
646 1988
1626 276
1074 7382
5546 5971
5595 1644
6951 2968
812 5793
5234 3229
111 1757
9472 8058
7864 4104
2697 8600
2593 9010
4426 5205
8315 7664
7162 4601
4242 9832
6825 2201
2695 412
4430 1218
3962 2050
858 6355
9624 6037
8941 9204
4551 6734
8304 2244
6742 5592
4825 678
6034 813
95 6 3365
7 33 4861
44 73 6365
36 91 4308
6 50 5427
48 37 9060
61 29 4147
34 36 3831
73 58 6714
23 19 3371
21 42 2431
18 92 8877
51 72 1036
77 14 3198
29 27 4063
7 32 6776
63 55 2514
80 77 6947
85 93 3749
6 29 3822
37 3 9151
74 70 5138
26 28 6531
31 34 4277
85 91 3988
94 20 4932
82 54 3000
63 44 2357
52 54 5187
68 89 1219
44 85 701
78 14 7717
46 63 4650
87 59 8147
9 8 6437
42 25 6187
38 28 3742
27 22 8550
36 39 6178
88 28 1773
25 60 1162
62 39 4005
64 48 2521
85 42 4916
34 14 4898
98 34 3741
98 22 5922
95 78 8816
36 46 2247
43 4 2073
92 93 5308
46 58 3959
67 34 5911
59 44 5436
90 15 2187
59 11 3052
20 54 3419
91 10 1522
87 57 2163
19 68 6057
27 42 2763
17 5 1947
16 50 330
80 81 11285
62 93 5937
64 92 7616
49 74 6300
70 15 1667
40 8 5208
48 55 9179
62 29 2096
24 66 9999
87 57 2163
18 93 8683
6 46 8079
98 55 5431
85 50 4199
41 100 8190
44 73 6365
88 52 6846
94 52 6912
97 36 6317
54 30 4202
87 54 2344
67 35 6147
93 94 8772
51 73 1135
71 73 6018
57 67 4843
65 16 3308
6 8 5822
94 10 5643
100 13 4457
96 14 4098
20 40 5101
28 87 4839
41 13 3884
62 68 2187
78 51 4839
96 15 5102
100 51 5319
29 91 4574
40 91 5192
62 75 2292
51 29 6638
5 31 1664
53 49 3996
24 8 6931
11 85 2639
74 87 6694
52 37 7748
59 53 5827
36 43 3591
66 61 10755
33 80 9187
11 83 1497
16 37 7297
11 76 6232
55 46 6201
86 92 7104
2 11 7226
40 34 4536
88 92 7788
29 89 3788
77 20 2041
3 18 9924
18 16 8800
5 18 2661
35 93 5404
80 65 4887
36 17 3142
89 60 5373
27 95 3618
91 20 2821
61 33 8141
80 22 5286
9 55 6994
85 35 2876
19 43 5536
49 19 4028
8 73 3567
81 69 2220
45 94 10284
94 57 4999
10 17 4883
86 36 6143
85 54 2959
12 81 103
3 86 8216
50 54 5603
74 86 7247
41 59 2655
12 30 7153
37 50 6971
72 11 5479
24 78 5111
83 64 1539
80 100 5998
33 35 4799
48 47 8609
93 6 8339
70 8 1282
59 94 9654
82 50 3245
44 56 4267
98 69 1707
71 39 3844
96 31 2186
91 18 9335
90 45 3098
62 59 7953
9 64 4350
25 81 8527
67 77 4600
96 18 5169
99 53 5191
42 95 6274
56 6 8456
16 3 3476
64 82 6883
39 19 1209
61 27 5993
49 65 5943
69 19 2320
40 99 4856
34 56 7101
40 30 7930
48 40 11907
64 76 8217
53 54 1950
79 80 5331
87 63 2927
17 80 7410
9 44 4681
90 31 7027
62 72 5840
79 91 2166
12 7 4311
20 80 5501
17 85 2249
17 91 6202
25 43 5605
40 20 5101
67 80 9594
78 77 6758
97 72 7663
13 33 6834
21 67 3675
41 70 4933
16 42 3404
45 90 3098
3 55 1367
83 43 1777
31 98 618
91 28 6917
74 84 2227
98 77 2633
57 8 1299
67 54 1124
42 50 3088
39 29 3491
49 86 2156
72 70 2714
24 9 4781
70 76 2580
23 90 6019
89 12 6448
34 94 5893
48 86 7384
33 54 4784
13 38 7829
29 38 4354
59 43 4027
65 47 5995
49 98 3823
18 62 6242
46 66 6545
23 1 7987
14 44 3833
50 49 8091
84 12 7047
58 75 507
62 46 5882
70 39 6834
98 65 2780
3 7 5337
94 53 4425
22 77 7186
83 63 5385
71 56 5182
80 59 7647
21 93 6209
11 32 7056
15 50 1638
88 24 569
9 88 4804
69 51 9146
6 45 9802
76 17 5798
82 60 6538
82 84 7201
78 42 8470
38 3 9099
26 74 8962
13 70 1086
99 95 9468
63 26 5794
75 25 4177
90 24 9097
57 2 3012
94 23 3152
16 5 6803
21 24 5715
16 11 6840
84 74 2227
58 9 4965
51 2 4288
58 86 3645
97 96 5852
19 87 2981
42 92 4903
94 86 2089
31 87 1678
72 64 8302
31 83 4640
30 66 5921
33 9 10048
3 73 1808
34 77 1962
85 52 2398
7 31 968
56 26 9173
28 8 5750
1 77 7786
95 88 4741
53 27 4229
94 75 4079
73 29 6583
90 8 2679
3 48 8227
90 40 7001
27 32 8728
68 28 6747
54 26 3301
75 50 4643
86 21 4030
1 31 5022
35 16 1881
99 20 3283
14 2 6540
98 65 2780
61 83 2765
93 90 6221
40 2 4816
42 75 4441
20 8 1684
2 35 2112
67 87 2958
30 26 7007
92 12 8203
10 82 3091
64 94 6855
91 88 8617
67 12 1850
83 90 8189
89 67 5378
29 82 2965
38 92 8252
66 82 8595
98 29 1383
34 63 1472
41 4 3640
58 8 3698
40 47 5818
50 87 3399
37 31 3409
13 9 4370
99 33 4893
54 11 4243
53 48 5683
36 60 2746
78 91 5833
75 40 6073
94 64 6855
29 23 3461
86 46 7210
63 23 3489
45 33 9151
81 82 4269
90 34 3038
58 72 5991
30 42 6507
53 7 572
51 39 9928
8 98 3908
98 2 5611
53 75 363
44 89 4226
100 19 6551
59 25 6692
28 59 3501
57 16 2161
30 66 5921
2 72 4633
57 92 1930
82 16 3571
3 56 6305
50 34 1297
8 3 2060
48 86 7384
40 76 4026
5 96 2519
27 89 4295
47 94 1252
80 31 7926
9 26 9772
99 52 2760
43 70 5699
75 92 4229
19 99 7384
48 92 8376
22 59 2455
23 98 2515
49 79 6434
17 1 2955
54 26 3301
80 94 10432
19 34 6058
59 64 3248
87 96 3372
27 80 10083
38 94 4294
35 25 1987
81 97 5931
28 37 6167
60 24 7278
31 86 2199
87 50 3399
26 11 7415
78 94 8816
31 84 4950
7 84 4246
4 29 1489
88 5 3230
18 19 3113
89 78 7005
65 83 4842
39 24 4730
61 37 5440
72 73 1973
73 38 10905
2 24 9063
70 19 7289
96 90 6589
90 47 9654
54 46 5679
68 8 1463
50 16 330
56 55 7355
11 64 2830
45 26 10338
55 64 8545
22 23 7824
7 16 5009
17 32 7674
30 21 4080
88 47 5826
77 38 6656
40 77 3061
55 14 6718
32 51 2182
8 56 6585
45 53 6311
11 19 7060
17 2 7127
55 21 4132
56 42 9278
44 18 5554
15 77 2784
94 33 3273
80 20 5501
36 76 4556
15 4 4677
39 13 7111
63 98 3101
5 38 1812
38 9 7436
9 24 4781
70 13 1086
21 5 3854
8 30 3598
23 84 7762
53 10 3329
85 12 5873
33 73 8018
100 28 7621
14 58 3496
10 95 7651
13 99 3655
47 21 4349
83 99 8203
98 13 4810
94 25 7650
99 72 4380
90 34 3038
33 3 6799
45 21 6764
34 52 1932
6 79 4737
67 21 3675
92 40 5685
66 43 9062
15 7 4650
40 26 4131
15 84 7622
25 99 3227
24 88 569
72 6 9368
85 2 4958
51 1 9095
5 7 2055
46 12 8505
82 61 6335
62 72 5840
43 3 6735
55 88 8731
85 63 1698
96 84 3003
75 11 3161
41 89 7880
40 98 5030
22 89 7542
29 26 4493
58 33 5316
40 74 10392
91 35 1113
36 64 4633
66 4 7090
56 4 3444
47 31 3007
32 30 5546
85 27 5017
44 28 2419
78 35 5033
59 46 2661
49 53 3996
63 78 4294
11 71 3376
72 82 7522
47 78 8794
6 59 9310
26 12 2463
72 26 9887
4 58 1076
19 69 2320
7 41 5358
52 96 3872
41 88 4943
36 44 2108
79 59 7727
55 77 3775
87 62 1264
69 32 8535
9 25 4824
93 41 612
1 98 5517
85 79 2135
25 92 1670
78 89 7005
87 57 2163
93 34 5961
57 100 2489
91 72 3862
66 1 9857
10 80 5153
62 48 7915
89 6 4342
77 8 2524
75 48 5843
88 80 9071
48 15 8953
72 63 4094
76 74 7306
84 53 4095
5 69 967
23 35 3625
35 99 1692
98 8 3908
88 82 6778
85 61 4692
58 62 2555
37 14 2021
93 87 6544
27 22 8550
3 52 1482
9 26 9772
85 18 6180
34 58 3844
100 58 5333
2 84 9048
85 16 4344
49 23 6092
100 11 7172
75 13 4006
90 82 6353
53 46 4153
36 72 3786
23 30 5549
54 29 1917
19 74 8605
26 51 10245
22 85 3870
39 19 1209
86 77 4891
99 98 5275
14 69 1765
95 79 7032
5 17 1947
2 43 8044
71 58 1022
73 94 9857
84 78 3678
83 76 7536
64 34 7572
96 39 4066
14 82 1774
4 86 4536
71 16 3988
22 70 4810
18 83 6354
10 33 4043
42 33 479
9 60 4673
62 59 7953
89 48 9548
66 20 6183
34 80 5052
61 45 9222
47 36 7098
14 23 2446
98 16 4551
60 16 4703
89 81 6428
27 63 5408
71 46 4473
56 43 3467
55 24 8250
92 53 4003
60 4 4371
17 39 3723
29 21 2092
73 41 6585
98 23 2515
88 98 4923
91 90 1914
59 100 10169
72 27 9501
67 79 4975
19 42 3469
56 100 8757
58 42 4870
50 19 6043
38 100 8888
61 40 9481
63 23 3489
59 38 6685
24 34 7145
40 17 7576
88 89 8057
22 3 5337
9 22 802
15 46 6155
98 1 5517
5 6 3118
54 99 6560
65 55 3048
17 70 4955
91 97 4008
40 2 4816
82 35 3836
99 76 1236
88 81 5523
38 86 2224
26 30 7007
66 74 7114
14 88 5920
3 2 2911
93 88 4852
34 49 7439
48 3 8227
22 38 6806
82 88 6778
61 63 6371
36 53 2593
2 32 2259
62 60 4847
57 29 2459
96 34 4562
12 45 11153
5 14 2730
72 57 4996
7 51 7186
78 28 3803
73 29 6583
10 28 5749
62 87 1264
1 51 9095
74 39 7546
20 59 7122
86 5 1527
74 82 7540
25 53 3856
3 57 3283
81 53 4804
24 66 9999
15 5 6639
40 20 5101
42 36 6478
38 31 3462
15 22 6397
44 78 3886
67 98 2174
58 81 4859
36 4 1707
27 39 1586
53 60 4877
21 40 3944
99 67 7434
17 88 2522
9 42 9575
91 43 7086
15 88 8204
85 20 1460
3 93 4793
93 4 3138
16 33 3731
48 52 7262
14 61 5291
85 54 2959
37 40 5750
94 44 4931
82 76 3347
73 91 2959
52 35 1281
58 16 5007
35 39 6229
23 19 3371
29 45 6349
19 47 988
45 21 6764
52 50 3200
91 99 670
60 17 5815
39 65 5103
27 77 3627
65 53 1949
52 27 6557
56 5 5806
93 70 4346
57 40 4499
1 57 6919
48 73 9724
53 66 7493
43 50 7138
92 97 4347
22 21 6355
28 60 5890
76 41 7290
92 56 6627
20 69 3937
99 83 8203
79 19 5347
15 78 5566
91 50 1701
67 63 5208
2 70 2984
55 49 8946
99 31 5828
23 31 3097
24 19 5936
25 84 5998
46 59 2661
79 83 5941
75 34 3782
13 79 2805
15 43 6671
3 94 8256
38 32 10593
3 100 3679
74 22 422
43 13 5258
27 74 8536
72 38 10093
76 70 2580
82 94 2615
67 59 7479
43 41 4354
55 56 7355
81 86 1223
81 83 6797
75 91 4883
77 45 6889
21 90 5319
44 82 3617
77 62 1100
56 54 5932
49 31 3220
53 67 3072
42 5 5315
5 23 4627
2 89 2688
53 30 2370
4 24 3089
67 58 3110
74 49 6300
88 22 4338
24 12 5231
67 90 8729
64 96 3023
21 6 3160
97 71 4132
66 59 9071
92 78 4893
6 13 7159
38 31 3462
90 23 6019
13 33 6834
95 54 3106
67 65 4813
79 31 3305
27 48 9221
61 71 4781
66 85 6490
89 91 2589
40 76 4026
61 29 4147
68 74 7403
34 80 5052
77 21 1101
35 50 1921
58 2 5779
79 43 5135
22 41 640
61 53 3983
47 82 3564
2 73 3325
57 46 5599
46 68 6901
4 92 4232
25 12 8594
1 86 5614
79 88 6678
73 88 9908
44 70 3437
11 55 6080
93 14 7694
19 98 2955
30 54 4202
91 16 1477
26 99 7029
81 97 5931
66 28 8608
75 76 4328
51 80 1006
2 47 8342
36 7 3153
11 81 6941
58 44 404
84 82 7201
14 69 1765
50 46 7359
28 49 3464
1 5 4151
8 30 3598
71 70 3084
17 25 4961
91 79 2166
77 94 4070
75 98 1255
31 30 3872
4 63 2810
57 43 5169
5 48 5892
87 71 1938
97 25 5758
47 62 4796
45 56 5920
82 57 2535
7 88 3986
52 81 7881
1 53 4413
50 72 5514
43 74 3499
51 69 9146
76 10 965
58 14 3496
85 89 3845
23 89 1616
1 72 8124
67 45 9377
98 21 1584
79 91 2166
70 65 1773
75 19 4078
36 3 3316
44 7 1047
23 21 1471
72 91 3862
78 68 6449
20 16 2920
47 15 7523
4 52 3297
27 83 7359
55 87 4938
18 82 5373
89 52 3529
49 37 3630
94 31 2958
29 1 4631
53 96 1095
83 49 4418
60 63 3076
43 10 5826
33 63 4847
96 6 4715
47 85 5463
50 63 2722
10 69 5134
30 54 4202
76 34 726
46 18 8255
84 8 6881
62 59 7953
63 59 7044
29 81 4741
45 6 9802
24 11 2927
1 31 5022
55 90 1197
18 58 5156
54 1 4678
12 85 5873
37 71 5122
68 41 7400
76 36 4556
69 71 3011
72 51 1036
77 25 4354
50 62 2413
13 56 4756
44 45 5908
39 53 3587
46 74 593
66 27 10684
39 2 7637
90 79 3793
41 65 4833
75 47 4146
13 57 3051
85 35 2876
13 97 5988
16 25 3809
2 61 9565
86 58 3645
56 57 6524
89 64 8050
79 57 249
64 23 7520
71 20 1122
62 25 3687
56 85 4409
91 1 8619
56 75 4971
56 47 8510
50 17 6157
39 93 7776
7 56 5061
67 81 1762
67 83 5228
89 24 7495
3 47 8835
65 15 2442
46 5 5745
88 40 9946
10 100 1904
91 66 4379
7 69 2019
96 21 3411
90 60 2600
59 21 8083
95 4 5746
69 33 4712
55 43 7226
99 64 9044
11 60 4539
35 32 2879
10 62 1600
35 91 1113
78 23 7520
5 35 6008
86 97 5421
89 29 3788
22 36 2494
24 75 3515
2 25 3610
82 3 5811
72 30 4227
89 72 6183
37 3 9151
81 56 8475
28 66 8608
35 75 3799
15 95 8773
77 79 1737
47 61 5012
98 16 4551
59 34 8511
40 92 5685
32 40 7056
44 84 3796
7 97 4670
84 55 7961
32 70 2736
97 35 3842
47 40 5818
14 100 5531
76 45 5502
38 71 4969
38 55 9225
90 31 7027
4 85 1160
31 19 2941
19 86 1881
20 17 3467
98 20 2286
75 2 5728
56 41 1379
43 29 2764
91 38 8861
45 57 5483
